(161.90 164.75 161.65 164.34 32549163
(161.95 164.75 161.65 164.34 32483310
(158.5 163.89 157.51 162.71 60774900
(157.07 157.89 150.24 156.41 70583530
(160.29 161 155.03 155.15 54145930
(163.085 163.4 159.0685 159.54 51467440
(154.83 163.72 154 163.03 68171940
(159.1 163.88 156 156.49 72215320
(166 166.8 160.1 160.5 85957050
(167.165 168.62 166.76 167.78 44453230
(166.87 168.4417 166.5 167.43 32234520
(165.525 167.37 164.7 166.97 45635470
(170.16 170.16 167.07 167.96 50565420
(172 172 170.06 171.51 39075250
(174.505 174.95 170.53 171.11 41438280
(177.25 177.3 173.2 174.22 51368540
(177.3 179.44 176.82 177.04 32395870
(177.3 177.78 176.6016 177 27052000
(178.61 179.58 177.41 178.46 31306390
(179.37 180.1 178.25 179.26 31087330
(176.15 179.25 175.07 179.1 34260230
(177.9 179.39 176.14 176.19 29512410
(176.18 177.36 175.65 177.09 25302200
(174.59 175.4886 174.49 175.28 18653380
(173.16 174.3 173 174.29 23751690
(174.55 175.06 173.41 174.33 21532200
(174.35 175.61 173.93 174.35 20523870
(173.44 175.37 173.05 175 23589930
(172.54 173.47 172.08 173.03 22342650
(172.53 174.55 171.96 172.23 29461040
(170.16 172.3 169.26 172.26 25400540
(170.52 170.59 169.22 169.23 25938760
(171 171.85 170.48 171.08 16412270
(170.1 170.78 169.71 170.6 21477380
(170.8 171.47 169.679 170.57 33113340
(174.68 175.424 174.5 175.01 16339690
(174.17 176.02 174.1 175.01 20848660
(174.87 175.42 173.25 174.35 23451420a
(175.03 175.39 174.09 174.54 27393660
(174.88 177.2 174.86 176.42 29385650
(173.63 174.17 172.46 173.97 40122100
(172.4 173.13 171.65 172.22 20442740
(172.5 173.54 172 172.27 23402510
(172.15 172.39 171.461 171.7 19088170
(169.2 172.89 168.79 172.67 34260890
(170.49 171 168.82 169.37 23285760),
(169.03 170.44 168.91 169.32 25656110),
(167.5 170.2047 166.46 169.01 28397810),
169.06 171.52 168.4 169.64 27315530),
(172.48 172.62 169.63 169.8 32512580),
(169.95 171.67 168.5 171.05 39735110),
(170.43 172.14 168.44 171.85 41484540),
(172.63 172.92 167.16 169.48 41459120),
(174.3 174.87 171.86 173.07 26387240),
(175.05 175.08 173.34 174.09 20591090),
(175.1 175.5 174.6459 174.97 14026670),
(173.36 175 173.05 174.96 25558680),
(170.78 173.7 170.78 173.14 25047130),
(170.29 170.56 169.56 169.98 16041550).
(171.04 171.39 169.64 170.15 21884010),
(171.18 171.87 170.3 171.1 23598650),
(169.97 170.3197 168.38 169.08 28998220),
(173.04 173.48 171.18 171.34 24683350),
(173.5 174.5 173.4 173.97 16956290),